disown 28989
disown 28990
disown 29008
disown 29018
disown 29052
disown 29114
disown 29132
disown 29167
disown 29223
disown 29289
disown 29295
disown 29347
disown 29410
disown 29458
disown 29466
disown 29522
disown 29583
disown 29632
disown 29642
disown 29698
disown 29760
disown 29782
disown 29822
disown 29885
disown 29929
disown 29941
disown 29995
30061
30101
30115
30171
30233
30239
30295
30359
30401
30416
30454
30457
30474
30544
30562
30605
30653
30685
30689
30722
30729
30785
30848
30891
30904
30958
31024
31042
31077
31124
31127
31135
31200
31208
31264
31327
31367
31374
31480
31531
31589
31639
31647
31703
31768
31808
31818
31874
31940
31946
32002
32112
32160
32168
32224
32289
32329
32339
32395
32448
32451
32467
32472
32516
32567
32570
32578
32643
32650
32706
32744
32747
303
357
366
426
500
521
630
683
738
803
850
933
966
1050
1078
1168
1190
1297
1300
1306
1321
1429
1442
1540
1690
1725
1729
1753
1804
1893
1915
1918
1930
1954
1985
2094
2120
2173
2215
2226
2293
2302
2370
2372
2377
2385
2397
2530
2535
2605
2614
2636
2638
2675
2705
2734
2804
2811
15784
15829
15839
15900
15990
16033
16041
16050
16062
16081
16209
16326
16373
16385
16448
16458
16465
16530
16540
16550
16611
16633
16683
16725
16738
16790
16811
16816
16884
16890
16903
16962
17005
17016
17087
17092
17158
17171
17337
17376
17406
17424
17477
17499
17522
17533
17593
17608
17613
17679
17692
17746
17786
17799
17867
17872
17944
17951
17980
18012
18050
18067
18133
18138
18204
18207
18220
18243
18279
18320
18331
18381
18406
18412
18484
18493
18547
18589
18600
18932
18955
19004
19052
19063
19137
19151
19212
19258
19267
19333
19341
19452
19511
19712
19808
19814
19830
19898
19903
19970
19982
20038
20063
20112
20166
20186
20287
20294
20350
20369
20396
20416
20636
20643
20906
20918
20973
21019
21198
21375
21384
21547
21554
21561
21617
21709
21780
21956
21961
22211
22224
22389
22475
22488
22565
22575
22712
22726
22779
22820
22826
22841
22912
22922
22991
23019
23043
23080
23129
23136
23202
23214
23269
23305
23313
23326
23369
23395
23400
23468
23475
23482
23537
23577
23581
23598
23637
23666
23673
23740
23752
23809
23832
23869
23926
23939
24006
24012
24082
24091
24144
24187
24196
24269
24275
24332
24354
24408
24450
24463
24529
24534
24584
24609
24618
24677
24720
24783
24987
24993
25019
25125
25147
25196
25229
25243
25261
25377
25442
25448
25571
25577
25648
25695
25701
25729
25927
25933
26031
26042
26114
26117
26159
26261
26293
26296
26325
26520
26525
26551
26590
26647
26660
26731
26737
26773
26799
26821
26875
26927
26995
27102
27123
27196
27200
27208
27213
27312
27347
27432
27455
27473
27712
27750
27774
27794
27853
27859
27870
27875
27945
27958
28013
28037
28076
28135
28140
28211
28228
28282
28324
28335
28397
28418
28534
28603
28611
28616
28741
28749
28804
28829
28870
29006
29092
31333
32695
1620
2693
3789
4773
5767
6818
7636
8625
9309
9555
10352
11273
12494
13052
13745
15169
15716
16129
16301
16847
17401
18789
19184
19527
19947
20433
20885
21330
21697
22047
22102
22157
22204
22215
22275
22326
22381
22440
22496
22631
22686
22737
22792
22847
22922
22977
23034
23481
23519
23524
23558
23587
23704
23760
23866
23971
23982
24090
24147
24198
24253
24320
24349
24444
24507
24616
24671
24726
24777
24832
24929
25267
25370
25381
25563
25614
25669
25724
25779
25834
25889
25959
26014
26069
26124
26179
26357
26412
26573
26718
26822
27004
27137
27327
27378
27442
27564
27619
27666
27677
27732
27784
27839
28019
28074
28129
28238
28289
28345
28520
28546
28725
28810
28865
28945
28950
29017
29025
29079
29120
29135
29195
29207
29212
29278
29452
30089
30237
30420
30430
30441
30550
30564
30575
30610
30672
30685
30752
30758
30970
30975
31046
31054
31110
31133
31168
31234
31241
31292
31313
31320
31376
31403
31425
31448
31505
31514
31586
31593
31649
31664
31675
31710
31774
31987
32005
32059
32084
32111
32341
32474
32613
32621
32691
32754
353
419
470
486
549
662
795
924
989
1054
1132
1248
1322
1447
1604
1654
1807
1846
1949
2013
2142
2244
2285
2296
2368
2427
2483
2494
2584
2637
2707
2822
2856
2924
3026
3156
3197
3222
3293
3356
3482
3560
3623
3716
3779
3844
3907
3970
4041
4093
4111
4176
4417
4490
5313
5685
5704
5707
5779
5842
5907
5982
6070
6222
6242
6281
6370
6430
7281
7636
7852
7894
7920
7937
8019
8099
8185
8253
8322
8397
8402
8497
8502
8527
8545
8552
8699
8704
8860
10715
10863
10899
10908
10912
10939
11021
11292
